------- AERODYN v15.00.* BLADE DEFINITION INPUT FILE -------------------------------------
NREL 5.0 MW offshore baseline aerodynamic blade input properties; note that we need to add the aerodynamic center to this file
======  Blade Properties =================================================================
         19   NumBlNds           - Number of blade nodes used in the analysis (-)
  BlSpn        BlCrvAC        BlSwpAC        BlCrvAng       BlTwist        BlChord          BlAFID    BlCb    BlCenBn    BlCenBt
   (m)           (m)            (m)            (deg)         (deg)           (m)              (-)     (-)     (m)        (m)
0.0000000E+00 0.0000000000E+00 0.0000000E+00 0.0000000E+00 1.3308000E+01 3.5420000E+00 1 0.0 0.0 0.0
1.3667000E+00 -1.3091686999E-03 -3.4468858E-03 0.0000000E+00 1.3308000E+01 3.5420000E+00 1 0.0 0.0 0.0
4.1000000E+00 -2.9284234444E-02 -1.0501421E-01 0.0000000E+00 1.3308000E+01 3.8540000E+00 1 0.0 0.0 0.0
6.8333000E+00 -7.1814933567E-02 -2.5141635E-01 0.0000000E+00 1.3308000E+01 4.1670000E+00 2 0.0 0.0 0.0
1.0250000E+01 -1.3686918778E-01 -4.6120149E-01 0.0000000E+00 1.3308000E+01 4.5570000E+00 3 0.0 0.0 0.0
1.4350000E+01 -1.7017798444E-01 -5.6986665E-01 0.0000000E+00 1.1480000E+01 4.6520000E+00 4 0.0 0.0 0.0
1.8450000E+01 -1.8831670900E-01 -5.4850833E-01 0.0000000E+00 1.0162000E+01 4.4580000E+00 4 0.0 0.0 0.0
2.2550000E+01 -2.1763141144E-01 -5.2457001E-01 0.0000000E+00 9.0110000E+00 4.2490000E+00 5 0.0 0.0 0.0
2.6650000E+01 -2.5571100978E-01 -4.9624675E-01 0.0000000E+00 7.7950000E+00 4.0070000E+00 6 0.0 0.0 0.0
3.0750000E+01 -3.0339315900E-01 -4.6544755E-01 0.0000000E+00 6.5440000E+00 3.7480000E+00 6 0.0 0.0 0.0
3.4850000E+01 -3.6201037111E-01 -4.3583519E-01 0.0000000E+00 5.3610000E+00 3.5020000E+00 7 0.0 0.0 0.0
3.8950000E+01 -4.3083404411E-01 -4.0591323E-01 0.0000000E+00 4.1880000E+00 3.2560000E+00 7 0.0 0.0 0.0
4.3050000E+01 -5.1051108100E-01 -3.7569051E-01 0.0000000E+00 3.1250000E+00 3.0100000E+00 8 0.0 0.0 0.0
4.7150000E+01 -6.0175779078E-01 -3.4521705E-01 0.0000000E+00 2.3190000E+00 2.7640000E+00 8 0.0 0.0 0.0
5.1250000E+01 -7.0282641814E-01 -3.1463837E-01 0.0000000E+00 1.5260000E+00 2.5180000E+00 8 0.0 0.0 0.0
5.4666700E+01 -7.9447911176E-01 -2.8909220E-01 0.0000000E+00 8.6300000E-01 2.3130000E+00 8 0.0 0.0 0.0
5.7400000E+01 -8.7279494941E-01 -2.6074456E-01 0.0000000E+00 3.7000000E-01 2.0860000E+00 8 0.0 0.0 0.0
6.0133300E+01 -9.5637647505E-01 -1.7737470E-01 0.0000000E+00 1.0600000E-01 1.4190000E+00 8 0.0 0.0 0.0
6.1499900E+01 -1.0003249002E+00 -1.7737470E-01 0.0000000E+00 1.0600000E-01 1.4190000E+00 8 0.0 0.0 0.0

!bjj: because of precision in the BD-AD coupling, 61.5m didn't work, so I changed it to 61.4999m
6.1500000E+01 -3.2815226E-04 -1.7737470E-01 0.0000000E+00  1.0600000E-01  1.4190000E+00        8      0.0     0.0        0.0
